-0.998494
-0.998394
-0.998294
-0.996884
-0.994352
-0.991306
-0.986911
-0.982411
-0.976118
-0.967562
-0.9578
-0.945809
-0.93314
-0.918983
-0.903668
-0.886352
-0.867115
-0.847025
-0.826446
-0.805003
-0.782438
-0.758358
-0.731701
-0.703862
-0.675493
-0.647256
-0.618754
-0.591574
-0.564786
-0.538779
-0.513805
-0.490611
-0.467921
-0.445857
-0.424289
-0.403464
-0.385192
-0.368586
-0.35466
-0.342443
-0.333012
-0.326077
-0.322307
-0.320694
-0.321689
-0.325611
-0.331721
-0.339509
-0.349855
-0.361722
-0.375176
-0.390104
-0.406316
-0.423879
-0.44973
-0.477796
-0.507806
-0.539214
-0.57106
-0.602468
-0.633803
-0.663813
-0.693304
-0.722122
-0.750339
-0.777874
-0.803028
-0.82598
-0.846519
-0.864166
-0.878749
-0.89026
-0.897956
-0.902835
-0.905109
-0.903801
-0.899719
-0.891054
-0.878157
-0.862374
-0.843862
-0.824382
-0.802192
-0.777985
-0.753651
-0.729188
-0.70227
-0.673234
-0.642989
-0.6122
-0.580455
-0.549394
-0.517923
-0.486725
-0.456344
-0.426773
-0.398536
-0.370829
-0.344172
-0.319198
-0.29613
-0.274811
-0.255088
-0.237295
-0.221512
-0.208615
-0.198523
-0.192229
-0.190106
-0.190903
-0.194633
-0.202514
-0.212679
-0.225254
-0.240698
-0.259263
-0.280046
-0.302679
-0.327365
-0.353756
-0.38167
-0.410263
-0.43953
-0.468722
-0.49784
-0.527479
-0.556597
-0.584436
-0.611667
-0.638211
-0.663365
-0.685759
-0.705316
-0.722879
-0.738921
-0.751672
-0.762916
-0.770797
-0.775961
-0.778333
-0.778433
-0.776003
-0.770769
-0.762539
-0.750998
-0.736726
-0.72071
-0.702677
-0.682466
-0.661022
-0.637829
-0.612983
-0.586064
-0.558093
-0.530122
-0.502546
-0.474707
-0.447263
-0.420997
-0.39512
-0.370017
-0.346064
-0.323123
-0.301927
-0.282082
-0.26393
-0.248382
-0.235028
-0.223263
-0.214161
-0.207333
-0.203251
-0.201638
-0.202534
-0.20607
-0.211614
-0.221326
-0.234166
-0.250122
-0.269019
-0.289639
-0.31275
-0.337981
-0.365137
-0.393504
-0.422397
-0.452851
-0.483967
-0.515375
-0.547655
-0.578183
-0.609225
-0.639974
-0.669984
-0.698352
-0.724972
-0.74911
-0.770459
-0.789521
-0.806748
-0.821158
-0.832581
-0.840923
-0.845992
-0.846391
-0.843345
-0.836945
-0.829149
-0.818279
-0.80366
-0.785268
-0.763577
-0.73937
-0.712451
-0.683282
-0.652629
-0.620609
-0.586782
-0.551968
-0.515871
-0.479917
-0.444106
-0.410978
-0.379507
-0.349935
-0.32236
-0.295833
-0.271371
-0.248681
-0.228714
-0.211872
-0.197369
-0.186164
-0.1788
-0.175754
-0.176153
-0.178622
-0.183976
-0.192594
-0.203927
-0.21799
-0.235133
-0.255018
-0.276368
-0.300348
-0.326276
-0.354493
-0.384504
-0.416203
-0.448918
-0.481776
-0.514057
-0.546338
-0.578183
-0.609225
-0.638865
-0.66693
-0.693551
-0.717452
-0.740006
-0.759973
-0.777704
-0.792976
-0.805552
-0.814627
-0.819981
-0.82245
-0.82104
-0.816331
-0.807339
-0.794442
-0.778307
-0.865771
-0.966457
-1.07324
-1.1825
-1.29206
-1.39956
-1.50422
-1.60306
-1.69577
-1.78048
-1.85562
-1.9208
-1.9755
-2.01842
-2.04872
-2.06696
-2.07222
-2.06377
-2.03892
-2.0005
-1.94875
-1.88043
-1.79924
-1.70811
-1.60539
-1.49144
-1.37004
-1.23836
-1.10172
-0.961878
-0.82082
-0.677271
-0.532028
-0.389732
-0.24949
-0.111657
0.0192763
0.143756
0.259911
0.363475
0.455857
0.53841
0.609338
0.668037
0.713765
0.748296
0.769492
0.778813
0.774029
0.755548
0.721259
0.672894
0.612571
0.540204
0.45609
0.361894
0.258718
0.147335
0.0286119
-0.0959188
-0.224842
-0.357443
-0.491886
-0.626901
-0.760848
-0.893157
-1.02158
-1.14577
-1.26452
-1.37577
-1.47859
-1.57122
-1.65359
-1.72493
-1.7858
-1.83311
-1.86604
-1.88642
-1.89412
-1.8892
-1.86947
-1.83593
-1.79083
-1.73177
-1.66225
-1.58395
-1.49405
-1.39677
-1.29235
-1.1781
-1.055
-0.925535
-0.791211
-0.652181
-0.510712
-0.367582
-0.225286
-0.0862563
0.0500015
0.179464
0.303252
0.419407
0.526994
0.62428
0.70891
0.784839
0.848327
0.898249
0.934634
0.957827
0.967698
0.963584
0.94661
0.916822
0.872739
0.816378
0.747967
0.667722
0.576293
0.473725
0.36172
0.241153
0.112644
-0.0215118
-0.160066
-0.301797
-0.445424
-0.589928
-0.733246
-0.874491
-1.01204
-1.14464
-1.27003
-1.38802
-1.49731
-1.59756
-1.68692
-1.76421
-1.82908
-1.88018
-1.91671
-1.93847
-1.94439
-1.93341
-1.90984
-1.87331
-1.82388
-1.75963
-1.68263
-1.59444
-1.49501
-1.38713
-1.26872
-1.14249
-1.01192
-0.877599
-0.739766
-0.599524
-0.458465
-0.318223
-0.179593
-0.0441137
0.0875631
0.21239
0.330807
0.442282
0.544169
0.635798
0.715872
0.785587
0.843569
0.888668
0.919049
0.934364
0.933567
0.916846
0.885731
0.840369
0.780871
0.707971
0.623127
0.525973
0.418439
0.302186
0.177944
0.0472729
-0.0886708
-0.228518
-0.371285
-0.515174
-0.658825
-0.800701
-0.939431
-1.07398
-1.20163
-1.32165
-1.4333
-1.53489
-1.62536
-1.70493
-1.77324
-1.82741
-1.86756
-1.896
-1.90849
-1.90585
-1.89054
-1.86137
-1.8186
-1.76203
-1.69131
-1.61079
-1.5204
-1.41824
-1.30737
-1.18928
-1.06821
-0.942686
-0.81026
-0.673611
-0.534179
-0.393529
-0.253692
-0.11586
0.018464
0.147927
0.268658
0.381359
0.485771
0.575912
0.654657
0.724775
0.781515
0.825211
0.856819
0.872836
0.874958
0.862559
0.835024
0.793416
0.736714
0.6671
0.586631
0.494563
0.391316
0.278661
0.157645
0.0299696
-0.10287
-0.23976
-0.379384
-0.520507
-0.661557
-0.801132
-0.93792
-1.07063
-1.1983
-1.31926
-1.43126
-1.5334
-1.62583
-1.70776
-1.77708
-1.83417
-1.87722
-1.90716
-1.92337
-1.92427
-1.91205
-1.88474
-1.84227
-1.78536
-1.71841
-1.64011
-1.55021
-1.45079
-1.34022
-1.22278
-1.09968
-0.970218
-0.837038
-0.699601
-0.561768
-0.423139
-0.284909
-0.148651
-0.0154703
0.113265
0.236023
0.352499
0.46097
0.55932
0.648236
0.723525
0.785144
0.835894
0.87329
0.896736
0.907272
0.904026
0.886211
0.854438
0.808254
0.750817
0.680508
0.598398
0.504985
0.401951
0.289588
0.169141
0.0421648
-0.0903036
-0.226964
-0.366687
-0.507493
-0.647513
-0.786167
-0.92247
-1.05443
-1.18096
-1.30014
-1.41126
-1.51303
-1.60518
-1.68601
-1.75305
-1.80768
-1.84988
-1.87885
-1.89369
-1.89762
-1.88741
-1.86359
-1.82706
-1.77681
-1.71444
-1.63979
-1.55328
-1.45678
-1.35322
-1.24052
-1.12144
-0.998001
-0.869627
-0.739798
-0.607748
-0.476443
-0.34588
-0.216417
-0.0891205
0.0326191
0.15006
0.26184
0.368261
0.466611
0.556505
0.634376
0.701319
0.755276
0.798508
0.829296
0.845313
0.847232
0.836886
0.813695
0.777439
0.729073
0.66788
0.595658
0.513152
0.420766
0.320556
0.212749
0.0986139
-0.0214127
-0.146001
-0.274261
-0.404362
-0.535195
-0.665513
-0.793967
-0.918613
-1.03867
-1.15347
-1.26104
-1.36063
-1.45205
-1.53372
-1.60418
-1.66461
-1.7108
-1.7453
-1.76592
-1.77156
-1.76365
-1.74295
-1.70968
-1.66364
-1.60795
-1.53963
-1.46067
-1.37003
-1.27168
-1.16321
-1.05082
-0.933376
-0.811973
-0.685743
-0.558088
-0.429353
-0.301339
-0.175461
-0.054059
0.0637066
0.173668
0.277514
0.374009
0.462682
0.543876
0.615007
0.67644
0.72587
0.76111
0.782677
0.79156
0.787446
0.769047
0.737639
0.694137
0.638748
0.572017
0.494728
0.40739
0.311608
0.207334
0.0962137
-0.0213128
-0.144685
-0.272473
-0.402601
-0.533919
-0.664617
-0.793926
-0.920254
-1.04222
-1.15885
-1.26891
-1.37079
-1.46377
-1.54793
-1.6201
-1.68194
-1.7319
-1.76809
-1.79175
-1.80371
-1.80169
-1.7866
-1.75903
-1.71808
-1.66549
-1.60048
-1.52729
-1.44359
-1.35146
-1.2504
-1.14044
-1.02396
-0.90256
-0.777732
-0.651147
-0.523134
-0.39548
-0.268895
-0.143368
-0.0216287
0.0958127
0.208206
0.316087
0.413109
0.501539
0.582732
0.652448
0.711147
0.754842
0.787554
0.807521
0.815209
0.810425
0.793874
0.76416
0.720917
0.665471
0.597111
0.51718
0.427327
0.328335
0.220461
0.104271
-0.0186058
-0.146365
-0.277684
-0.411526
-0.546773
-0.68197
-0.815811
-0.947398
-1.07404
-1.1952
-1.30988
-1.41717
-1.51534
-1.60289
-1.67981
-1.74488
-1.79682
-1.83555
-1.86194
-1.87627
-1.87716
-1.86381
-1.83663
-1.79538
-1.74142
-1.67699
-1.60127
-1.515
-1.42058
-1.3173
-1.20764
-1.094
-0.973273
-0.845977
-0.713926
-0.580366
-0.446806
-0.315129
-0.186031
-0.0605041
0.0612355
0.177711
0.284713
0.383868
0.473028
0.550899
0.618823
0.674685
0.716692
0.744531
0.759034
0.759034
0.746724
0.721104
0.682578
0.631476
0.56729
0.492149
0.405061
0.308477
0.202906
0.0902512
-0.0287159
-0.153218
-0.28192
-0.413615
-0.54722
-0.681219
-0.8139
-0.943619
-1.06955
-1.19051
-1.30442
-1.41072
-1.50915
-1.59827
-1.67647
-1.74351
-1.79751
-1.83786
-1.86509
-1.87872
-1.87961
-1.86649
-1.83878
-1.79723
-1.74154
-1.67421
-1.59807
-1.51155
-1.41532
-1.30948
-1.19428
-1.07049
-0.94139
-0.808209
-0.674268
-0.539945
-0.404465
-0.269758
-0.138081
-0.00970726
0.115469
0.236535
0.350479
0.457773
0.554795
0.640833
0.715277
0.776526
0.823847
0.857394
0.877729
0.885309
0.87817
0.85886
0.82507
0.777571
0.717742
0.646742
0.563625
0.469351
0.365571
0.252916
0.132679
0.00620975
-0.125619
-0.260815
-0.398767
-0.53849
-0.678411
-0.816866
-0.952372
-1.08331
-1.20816
-1.32603
-1.43559
-1.5366
-1.62621
-1.70478
-1.77074
-1.82474
-1.86408
-1.88869
-1.89993
-1.89719
-1.88023
-1.84917
-1.80439
-1.748
-1.68047
-1.60084
-1.50642
-1.4
-1.28448
-1.15825
-1.02393
-0.882048
-0.735946
-0.587666
-0.440698
-0.297569
-0.159339
-0.024246
0.104489
0.227248
0.340258
0.444387
0.53932
0.62395
0.697555
0.759174
0.806655
0.841045
0.861012
0.866669
0.858235
0.837047
0.80128
0.752422
0.689241
0.614241
0.527658
0.431264
0.324071
0.207725
0.0843231
-0.0446277
-0.177838
-0.314905
-0.454058
-0.594029
-0.733925
-0.871751
-1.00609
-1.13554
-1.25862
-1.3743
-1.48129
-1.57909
-1.66701
-1.7429
-1.80724
-1.86025
-1.89986
-1.92446
-1.93669
-1.93385
-1.917
-1.88837
-1.84606
-1.79124
-1.72565
-1.64865
-1.55851
-1.45827
-1.3471
-1.22737
-1.10254
-0.968982
-0.82874
-0.686858
-0.542466
-0.398496
-0.254527
-0.112645
0.023613
0.153076
0.276519
0.392674
0.500261
0.596495
0.680892
0.752227
0.813476
0.860476
0.893884
0.912156
0.91603
0.905684
0.881076
0.84337
0.791848
0.727715
0.651588
0.564041
0.464679
0.354219
0.233952
0.105609
-0.0294057
-0.170162
-0.314972
-0.462379
-0.610472
-0.757604
-0.902719
-1.04426
-1.18114
-1.31122
-1.43365
-1.54773
-1.65204
-1.74498
-1.82598
-1.8954
-1.95306
-1.99512
-2.02357
-2.03614
-2.03237
-2.01204
-1.97737
-1.92956
-1.86436
-1.78693
-1.6948
-1.59038
-1.47581
-1.34958
-1.21716
-1.07732
-0.929916
-0.781194
-0.629781
-0.477913
-0.323267
-0.171854
-0.0235735
0.120396
0.257833
0.385129
0.506531
0.618925
0.72109
0.813724
0.890727
0.954214
1.00202
1.03431
1.05259
1.0543
1.0405
1.00982
0.964018
0.903806
0.829564
0.742184
0.641388
0.52799
0.404269
0.272441
0.132322
-0.014833
-0.166916
-0.322498
-0.483502
-0.645757
-0.808857
-0.969059
-1.12567
-1.27769
-1.42311
-1.55992
-1.68664
-1.80087
-1.9038
-1.99365
-2.06689
-2.12633
-2.16899
-2.19546
-2.2049
-2.19514
-2.1669
-2.12474
-2.06835
-1.99661
-1.9101
-1.80765
-1.6934
-1.57199
-1.4429
-1.30819
-1.16795
-1.02184
-0.872678
-0.721719
-0.567073
-0.411956
-0.257778
-0.106365
0.041476
0.183772
0.319251
0.447265
0.566009
0.676271
0.774889
0.857671
0.926986
0.980943
1.02084
1.04505
1.05328
1.04764
1.02661
0.990846
0.941194
0.878333
0.802253
0.713834
0.613331
0.502244
0.381169
0.251559
0.11467
-0.0282174
-0.175304
-0.325244
-0.476713
-0.628423
-0.778564
-0.925144
-1.06772
-1.20446
-1.33423
-1.45542
-1.56654
-1.66861
-1.75923
-1.8362
-1.90012
-1.94855
-1.98169
-2.00125
-2.00175
-1.9869
-1.95893
-1.91692
-1.85858
-1.78704
-1.7038
-1.60651
-1.49863
-1.37824
-1.24914
-1.11091
-0.968195
-0.822093
-0.675126
-0.526404
-0.379436
-0.233334
-0.0889418
0.0521169
0.18721
0.31415
0.435552
0.548562
0.650727
0.740376
0.818902
0.885456
0.937881
0.975714
0.998404
1.00674
