-1.0
-0.9989949664146498
-0.9980908919494349
-0.9963762760659378
-0.9932272093568008
-0.9889364592556731
-0.9825359262580818
-0.9738711455855146
-0.9632239211344629
-0.9515705395088677
-0.9379885671946142
-0.9216189579275352
-0.9032266741114424
-0.8821545709798772
-0.8588351822631061
-0.8332168417238651
-0.8055096523898886
-0.7767414451447106
-0.7451332904473627
-0.7117257792452135
-0.6776174943273239
-0.6420927551325691
-0.6052758227961224
-0.5664150236919482
-0.5271107648809875
-0.4879545445870702
-0.4487983242931529
-0.4096421039992356
-0.3703378451882749
-0.3316244300459308
-0.2942277859410515
-0.25769945409351824
-0.22174583647154178
-0.1866481441891323
-0.15407513018020122
-0.12342261415487514
-0.09545122387461473
-0.06996199891173573
-0.04727193889254352
-0.027548721939572626
-0.011766313420215911
5.635082142334494E-4
0.009228288886800665
0.014042326419594168
0.015756942303091225
0.013678688384838374
0.007851797572440799
-0.0014972367362930932
-0.013807456449691433
-0.029251091780133333
-0.04714935733297733
-0.06809437975119804
-0.09168061212339648
-0.11745443173126736
-0.14536900587421683
-0.17485959762832687
-0.20509203254719197
-0.23532446746605706
-0.2659993809829577
-0.2969681962543973
-0.32720063117326237
-0.3568400324786426
-0.3857331616638639
-0.4129646211959298
-0.4383512935916348
-0.462802651296675
-0.4854364955177479
-0.5054035150306047
-0.5217853235535441
-0.535935279780914
-0.5469999317896204
-0.5549734285915058
-0.5602326736034229
-0.56270193486246
-0.5609873189789629
-0.5560682945598857
-0.5481639738258405
-0.5375167493747888
-0.5245058808400868
-0.508606307691041
-0.4896112492951964
-0.46767119279165886
-0.44243969993020993
-0.4148643497715592
-0.3852929253566547
-0.3538218508726847
-0.3216634884599385
-0.2890904744510074
-0.25554320082219445
-0.2215754640651783
-0.18816795286302918
-0.1550393818696379
-0.12274299320999582
-0.09113483851264792
-0.06021021347588578
-0.03130858392939402
-0.004258859159626007
0.021101416720265827
0.04492713563269162
0.06550662693065129
0.08341929352039484
0.09908467452493253
0.11220950318592793
0.12274555475171056
0.13032572609333876
0.1343038130945232
0.13530884667987333
0.13264465358523123
0.12672346762204661
0.11755674876946423
0.10542352025271173
0.09092694322769317
0.07369982113364786
0.053324137382245895
0.030212965285907226
0.004903902517691041
-0.02217511796046524
-0.051292714131068916
-0.08204118410586497
-0.11374099678444838
-0.14580431404359506
-0.1782298193118572
-0.21094413344512664
-0.24380253982234731
-0.27601088973925864
-0.30683286210619154
-0.3363234538603016
-0.36393499746833313
-0.3895541380043741
-0.41258591351059515
-0.4333685982308268
-0.4511832167691742
-0.4653331729965442
-0.4763978250052506
-0.4849238094003329
-0.49037262792873987
-0.4924508818469927
-0.4902263209522607
-0.48509699151350566
-0.47708438706557715
-0.46565547242536437
-0.4510372214075562
-0.43383969493357516
-0.41399460106119135
-0.3924274474136405
-0.36936026564014035
-0.34361264260066887
-0.31524363748244455
-0.284046160980362
-0.2521632808355002
-0.21875576963335108
-0.18520849600453815
-0.151240759247522
-0.11713247432963239
-0.08372496312748325
-0.05142857446784117
-0.019957499983871155
0.010967125052890984
0.04013613443782296
0.067579819007999
0.09268269448837355
0.11638159030199983
0.1380728904583572
0.15706794885420178
0.17355541317322518
0.18690855243567744
0.1970011442946735
0.20308235823434923
0.20633467740490521
0.20583592325380132
0.2022992088700722
0.19460310475645937
0.18335956182348054
0.16860380538771907
0.15171395174153768
0.1313382679901357
0.10791013841766914
0.08175066464882288
0.053760476135541024
0.02375001689050721
-0.007511838883674037
-0.039284458263689793
-0.07192664834046095
-0.10500080453168374
-0.13829024605901663
-0.17157968758634953
-0.20422187766312067
-0.23613995161423587
-0.2666675896995091
-0.2956355972109545
-0.3221025270252253
-0.34537230343712744
-0.36631732585534815
-0.3848822605440111
-0.40049712879300425
-0.4123642817647541
-0.4201529356304612
-0.42541218064237823
-0.4268024711592774
-0.4239625237071076
-0.41798752326653016
-0.40855645531940604
-0.39633969192198526
-0.3816056331321144
-0.36381251228284817
-0.34445403737558167
-0.32301087630436287
-0.2993119804907366
-0.2736936399514956
-0.24624995538131955
-0.2178809502630952
-0.18817502683665743
-0.15684084491342157
-0.12509542183487646
-0.09334999875633135
-0.061329472340597255
-0.029584049262052145
0.0013405757747099942
0.031316041143315015
0.060217670689806775
0.08766135525998281
0.1141882030214709
0.13929107850184544
0.16261046721861655
0.18405362828983537
0.20208598370296352
0.2165885609079893
0.22903156874580702
0.2382430976365876
0.24347774567380853
0.24580460836774395
0.243530659670795
0.23770376885839745
0.22853705000581506
0.21499658630519478
0.19810673265901338
0.17871466339528272
0.15648034028093866
0.13148231975416172
0.10463239445066103
0.07566438693921562
0.04557988104140944
0.014318025267228196
-0.018540381109992475
-0.052044645491154326
-0.08590592560318672
-0.11976720571521911
-0.15327147009638095
-0.1859857842296504
-0.21833895676419823
-0.24945439962789054
-0.27887050348283954
-0.30594952396099584
-0.33102539579571416
-0.3540571713019352
-0.3743512557016042
-0.3919983700131821
-0.40684037052500943
-0.4186186740906478
-0.42741976182291913
-0.43305779516652987
-0.43493997059058864
-0.43383387585464617
-0.4295431257535185
-0.42131360148083546
-0.41099952558888414
-0.3968431691567055
-0.3794078304422277
-0.3601706411774821
-0.3374805811582899
-0.31224908829684095
-0.2851993635270729
-0.2557622574668152
-0.22483763243005306
-0.19254124377041099
-0.15899397014159805
-0.12488568522370844
-0.09063665432903084
-0.05624667908402988
-0.021997648189352292
0.011970088567663843
0.044681702737382645
0.07601588466061851
0.10626162046401202
0.13476351596724173
0.16181324073700976
0.1869161162173843
0.2096061762365765
0.22884336550132212
0.2443918557853616
0.25706162108995734
0.26649268903708145
0.27204396003010733
0.27416632367527
0.2729734665887426
0.26857177804706517
0.2603216558958908
0.24916751842260004
0.2344980805075197
0.2160993968962181
0.194830487555183
0.17053586969414405
0.14376242622993557
0.1148692970447143
0.08441537809289391
0.052570004981040454
0.01892278131891916
-0.015507085968148537
-0.050290685495301336
-0.08514488156615567
-0.12006962437714924
-0.15442859481615692
-0.18814722155164393
-0.2208615356849134
-0.2524155757429311
-0.2822777769919426
-0.31049446616830967
-0.33696139598258046
-0.36133441447484027
-0.38348864146956385
-0.40271583023427615
-0.41901271306209015
-0.43105732836967686
-0.4395833127647592
-0.44398500130643664
-0.444084951339745
-0.44062580686278313
-0.43433182688539573
-0.42533935613259705
-0.4130095344981477
-0.3965220701791243
-0.37631045176691086
-0.35235774871043746
-0.3249140641402614
-0.2949385987716564
-0.2627802363589102
-0.22881249960189404
-0.1927155127797327
-0.15546411198288485
-0.11733807004175015
-0.07891877275848767
-0.04064621064462018
-0.0025201687034854744
0.035021929972493294
0.07155026182002655
0.10679010053717376
0.13991867153056506
0.1711161480326476
0.20041911591048522
0.22590834087336423
0.24859840089255644
0.26868769513049545
0.2852931535635037
0.2980764907144922
0.30839056660644354
0.315218450681773
0.3187811684460881
0.3182824142949842
0.3141682199618667
0.30628710191943775
0.29468673434380716
0.2797585640722317
0.2619439455338843
0.24181325986338076
0.21917941564230786
0.19240597217809938
0.16276657087271912
0.1310667581941357
0.09684973242055064
0.06101238236311926
0.02378708497291418
-0.01439843927398888
-0.0528566289931629
-0.09151883102383135
-0.12977259137027733
-0.16741054409158412
-0.20422147624802367
-0.23963865762008507
-0.27335728435557205
-0.30439944029769905
-0.3335170364683027
-0.35990719084694045
-0.3835723809808407
-0.40402959755371814
-0.4210038750124276
-0.4346316368416824
-0.4442535226157367
-0.44979699330454675
-0.45236376797940453
-0.4517619607468482
-0.44809556230968905
-0.44148158205923455
-0.4303884259885064
-0.41542234853306576
-0.3973899931199376
-0.37557439213962057
-0.35123976627644765
-0.32366441611779695
-0.2932832706796305
-0.2604328639824269
-0.22505067648679428
-0.18736291136116912
-0.14879666327997065
-0.11008324813762656
-0.07077898932666585
-0.03132647251968285
0.007681928087303357
0.04610122537056583
0.08291815770701258
0.1190151445291739
0.15326417542385148
0.18446165192593403
0.21230085448040287
0.23701886739464798
0.25883446837496504
0.2767471349647086
0.29067334169805936
0.301209393263842
0.30889749769743774
0.31266768441583886
0.31216893026473497
0.30709961883318315
0.2980241825063367
0.2858024192339118
0.27053031053214543
0.25122064753595413
0.22818887202973312
0.2021064102015433
0.17396516425772476
0.1432166942829287
0.1096409247145943
0.07443449157648939
0.03776206359731601
3.3022568618325254E-4
-0.03819601439288124
-0.0767902585548113
-0.11504401890125726
-0.1527505822599039
-0.18956151441634345
-0.2246975993278398
-0.25820186370900167
-0.289317306572694
-0.31715620912671283
-0.3426979203131634
-0.36533176453423627
-0.3855441829432497
-0.4018410657710637
-0.4158172600085796
-0.42723937441758186
-0.43594884510267523
-0.44101815653422705
-0.4430964104524799
-0.44168651801452974
-0.4360294828656903
-0.42681795397490974
-0.41369312531391433
-0.39732351604683536
-0.37711189763462194
-0.35239388472037686
-0.32508169260833175
-0.29577872473049416
-0.26362036231774794
-0.23104734830881685
-0.1970796115518007
-0.16254849302295898
-0.12716630552732638
-0.090493777548103
-0.053676845211656256
-0.016715299690209545
0.01995722828901384
0.0559108459109903
0.09044196443983203
0.1227383530994741
0.15393582960155666
0.18350725401646117
0.21081944612850628
0.2343916794806133
0.253265891940301
0.2690483004596577
0.28205916899435973
0.29039732988826483
0.295316354307342
0.2962204287725569
0.29414217485430405
0.2885041415106933
0.28016198069678605
0.26811736538919934
0.25250249714020623
0.23344046117934125
0.21192932321764668
0.18779169126011974
0.16040802469714696
0.1307686233917667
0.09936056876113551
0.06671837868436437
0.03299975194887737
-0.0016425047985607344
-0.03712983699777116
-0.07303704385161655
-0.10880448827879814
-0.14408122018956968
-0.17844019062857736
-0.21180129106259543
-0.24328236504659878
-0.27277295680070884
-0.2994698598861328
-0.3238428783783926
-0.3464767225994655
-0.36636180847398203
-0.3837571391863258
-0.3973849010155806
-0.4073694345125522
-0.41497290314015195
-0.4199471123296334
-0.4217311041424665
-0.4208270296772516
-0.41653627957612394
-0.4084152740335696
-0.39732211796284145
-0.3831657615306628
-0.3662054830920448
-0.3450098468996803
-0.32067522103650736
-0.29440879008885806
-0.26590689458562833
-0.23511841660869828
-0.2018504727704466
-0.1666106340532994
-0.13008230220576616
-0.0925402035297874
-0.054560467393828735
-0.016580731257870074
0.0211070338677551
0.058794798993380276
0.09575634451482698
0.13156679818965966
0.16567508310754928
0.19824809711648037
0.22822356248508538
0.2557989126437361
0.28090178812411065
0.3038431045568912
0.3233230123873979
0.33875474842583364
0.35007161823639743
0.357113864666052
0.360366183836608
0.3593711507512912
0.3542068274361074
0.3453142065166672
0.33159922270194386
0.3157280535864618
0.29650086482174953
0.2746676653900508
0.249514002808508
0.22197836053239361
0.19122989055759756
0.15865987659366737
0.12465614631509647
0.08930916501611808
0.052775433314379575
0.014726521110580842
-0.02400359263746847
-0.06314021101033475
-0.10200600998951306
-0.1404641997086871
-0.17762055535193538
-0.21317798920140532
-0.24711051976176726
-0.27902859371288247
-0.30926102863174754
-0.33709993118576637
-0.3619420670356142
-0.38361436538674293
-0.4019298196965276
-0.41720192839829395
-0.42871320910834443
-0.43575905547320054
-0.4391991981449338
-0.43758625995194544
-0.43097227970149093
-0.42010233800915686
-0.4062910077961934
-0.38885566908171565
-0.3675363470356115
-0.34230485417416256
-0.3132696240733966
-0.28041921737619296
-0.24546346975920613
-0.20792137108322736
-0.16876515078931006
-0.127365006876265
-0.08490021412377118
-0.04212914241822276
6.419292873256488E-4
0.04280137829113045
0.08405035059564334
0.12439706114019247
0.16384957794717547
0.20212214006104295
0.23693614420993245
0.26937074989226967
0.2994812591706618
0.3261385700948164
0.34945795881158753
0.36905944720418327
0.3826414195184367
0.3928446920749519
0.3982903106545577
0.39889211788711404
0.3949700465717859
0.38598597617180697
0.3727954690838131
0.35565255752106
0.3344645216175101
0.30923312875611114
0.28026512124466574
0.24798433380195023
0.2124268999524803
0.17430965839856832
0.1342979082204114
0.0928223927188857
0.04996935461496965
0.006661327100855881
-0.03697043005823702
-0.08060218721732992
-0.1239102147314437
-0.1664369882718781
-0.2076479533545614
-0.2474584287247486
-0.2853020722967731
-0.32078940449598353
-0.35278012647063534
-0.3813731804119328
-0.40637120093870976
-0.4268284175115872
-0.4441396792824517
-0.4568029443757883
-0.46514510518969554
-0.4697379983785355
-0.4692367441961811
-0.46463235034604045
-0.45476075305212466
-0.4414076137896724
-0.42325542612733336
-0.40181226505611456
-0.37593519216037846
-0.34716698491520037
-0.3138990410769487
-0.2775146977352142
-0.23821043892425348
-0.1963554041585715
-0.152659826638618
-0.10803111637577603
-0.06277544481157453
-0.01720481235708342
0.028365820097407693
0.07346438243840506
0.11762543791285682
0.1593286123608198
0.19952573424621067
0.23663210238529386
0.2715878500022807
0.3031960046996286
0.3314322957970467
0.35640671910818555
0.37674081150998856
0.39311042077706754
0.4040919073777882
0.41027944774959696
0.41199406363309404
0.4099158097148412
0.4038062997788601
0.39319028019602104
0.37878024579864533
0.36113313148706744
0.33881877635564644
0.31304495674777555
0.2843767995359558
0.252386077561304
0.21732039039998705
0.1802330240661325
0.1413672250869542
0.10108773713172566
0.05934836923438184
0.016105213600583958
-0.02733243155967449
-0.07083482259464538
-0.11420767993274775
-0.15725596704109296
-0.19925849298504236
-0.23987164825017487
-0.27798888980408687
-0.31382623986151825
-0.34567161297337173
-0.3738883021497388
-0.3992749745454438
-0.4220681813500445
-0.4406331160387074
-0.4543480998534308
-0.46433263335040237
-0.47053617244234763
-0.47232016425518075
-0.46958304457556754
-0.46296906432511303
-0.4524330127593304
-0.43735072378587203
-0.4188381753732031
-0.39751885332709896
-0.37202962836421993
-0.34326142111904184
-0.311927239195806
-0.27795950243878986
-0.2399797663028312
-0.19948324299617987
-0.15732379399237506
-0.11393733572938883
-0.06946475352324213
-0.024836043260400183
0.019949039200060033
0.0641100946745118
0.10703465835186857
0.14919410735567337
0.1890927215567189
0.2270724576926776
0.2623122964098248
0.29544086740321607
0.3256866032066096
0.3524745477221697
0.37668170384214256
0.39591889310688816
0.41158427411142584
0.4238010375088466
0.43116569152567646
0.4342116122741473
0.432525900567505
0.4262284206513662
0.41597276181885695
0.4022577780041336
0.3843595124512896
0.3612483403549509
0.3338646737919781
0.30282251784985104
0.26881878757128014
0.23214635959210675
0.19300974121924047
0.1516002977386186
0.10848701225294438
0.06363455249608324
0.017892067792195702
-0.02822944452906992
-0.07441398868349712
-0.12009316221084762
-0.16488174461005928
-0.20786499106570516
-0.24947251978772317
-0.2888117724751127
-0.32583010187146516
-0.3594058714397996
-0.39044802738192663
-0.4185892733257452
-0.44154158915357006
-0.4602724989840694
-0.4741616988707313
-0.48477771845357037
-0.4897519276430518
-0.4902506817941557
-0.48564628794401504
-0.47698150727144784
-0.46419817012045933
-0.44664371286896626
-0.42432935773754527
-0.3976720468133907
-0.36756153753499854
-0.33484992336527974
-0.2988963057433033
-0.26018289060095917
-0.2193860667683309
-0.17692127401583707
-0.13338037556771343
-0.08796734755876888
-0.04176380159911302
0.004757709652280825
0.050802651296373215
0.09558773375683344
0.1394382299754699
0.18220930168101832
0.22330733056064578
0.2620207457029899
0.2984050890447244
0.33251337396261404
0.3626238832410062
0.3888903141886555
0.4098390366753279
0.4256214451946846
0.43649138688701866
0.44204265788004454
0.44335118183491007
0.4411750326567588
0.43357156402915903
0.42090829893582243
0.40275951133128474
0.38004595407291003
0.3524344104648785
0.3203710932057318
0.2846036487785502
0.2458735350305009
0.20459636670144066
0.16077087360832512
0.115218442810235
0.06796839186580272
0.019602396296480612
-0.028948385281689464
-0.07756068639425134
-0.12567976825788132
-0.1726801311824549
-0.21810565841021454
-0.2614136859243283
-0.30202684118946077
-0.33980196814352565
-0.37486765530484256
-0.4061295110790238
-0.43389268473885173
-0.45763677034035516
-0.4772756517408942
-0.4933173238814847
-0.5052732473872487
-0.5126911872046738
-0.5151604484637109
-0.5127311792068064
-0.5066499652671307
-0.4967783679732149
-0.48285216123986413
-0.4645799975583347
-0.4423905643669569
-0.4156026198513968
-0.38508588117211673
-0.3501301335551299
-0.3121503974191712
-0.2716538741125199
-0.22857558250327448
-0.18316255449432994
-0.13584167847486156
-0.0865758464938074
-0.036488317202525135
0.013599212088757126
0.063521860881021
0.11278769286207518
0.16059127295637515
0.20631975864017124
0.2498606570882949
0.2911096293928078
0.330118029999794
0.36621501682195534
0.3986496225042926
0.4272845852260928
0.4508568185781998
0.469610330962884
0.4841129081679098
0.49376399820599415
0.49763808103763724
0.49664304795232045
0.492241359410643
0.48307464055806065
0.4683188841222992
0.4490092211261079
0.42550200890815953
0.3977388352483316
0.36553048533142024
0.33053524551362967
0.2917372661369152
0.24934129706248231
0.2041700611351339
0.1562365654676719
0.10646252704593837
0.055419972671473264
0.003600134861932884
-0.048457656658934006
-0.10021791746343545
-0.15120042980667617
-0.20145961169056487
-0.25007191280312674
-0.29638240155858464
-0.339755258896687
-0.37969996247494714
-0.41685631811819546
-0.449858609412326
-0.47830128738543687
-0.5031434232352847
-0.5240884456535054
-0.5391887330071582
-0.5490827277926486
-0.5528123062670183
-0.5505877453722863
-0.5424667398297319
-0.5288847675154784
-0.5095262926082119
-0.48468015667836195
-0.4545696473999698
-0.42060191064295366
-0.3815935100359674
-0.3392815057012789
-0.29355302001748285
-0.24623214399801446
-0.1961446147067322
-0.14472816220358165
-0.09247207420514049
-0.03936924109678948
0.013733592011561532
0.06565297935521228
0.11706943185836281
0.167487539963095
0.216917172144573
0.26375766293277686
0.30745324045273037
0.34809980129690515
0.3849167336333519
0.4179061257594609
0.4468077553059527
0.4722969802688317
0.49226409978173846
0.5068823507995466
0.5163134187466707
0.5194624854558078
0.5159257710720786
0.5061223970449421
0.49085028834317573
0.4707196026726722
0.4443294482940345
0.4133606330225949
0.377313858804852
0.3365675477277683
0.2906985607932221
0.24177922842933441
0.18984034298668656
0.13537562576253642
0.07935692043216494
0.02214603521387603
-0.03557146521687642
-0.0931203789260477
-0.1499354479645737
-0.20566819370631476
-0.25931753075777164
-0.31011970040109726
-0.35792928031540444
-0.40214112289102444
-0.4426209448030705
-0.47922404868934626
-0.5109238613679297
-0.5376973048321382
-0.5593696031832669
-0.5759210470310242
-0.5873431614400265
-0.5912652327553547
-0.5883223516862734
-0.5804180309522282
-0.5664918242188774
-0.5486987033696112
-0.5248729844571854
-0.4963710889539557
-0.4625437030971716
-0.4248559379715464
-0.3823911452190526
-0.33539078229447905
-0.2851381001993495
-0.23288201220090832
-0.1790965825855173
-0.12393182075689271
-0.06736843473079414
-0.009920869646549473
0.046995250431345933
0.10320714224670005
0.158025283277676
0.21045014768748915
0.26004384881471315
0.30561448126920426
0.3491553797173279
0.38845963852828863
0.42327364267717815
0.4531142462586538
0.4780886695697927
0.49817796380773166
0.514312278848608
0.5250707999166018
0.5302001293553569
0.529900578457377
0.5238851861754024
0.5129997456841942
0.49729937080322767
0.47643548429209487
0.450661664684224
0.42050316692214673
0.3857195673949939
0.34773903126223527
0.30580222993451966
0.25980690059529626
0.21033727641168556
0.15887543421121686
0.10505081227701857
0.05023867142604982
-0.005436784139389236
