-2.4205924611699903
-3.199804682549365
-0.0378854268833817
-0.8567151099852588
-1.0297505845993717
-0.7796002020149777
-0.9221105395334955
-0.7815652376034475
-0.7264484698966174
-0.718540496745687
-0.6477014734575948
-0.6943233312294996
-0.6551311557524154
-0.5922782907247152
-0.691062333737491
-0.5541053296367259
-0.6172444731858194
-0.5434124998228931
-0.6216025851724872
-0.5947422993615139
-0.5658614445049028
-0.5722375603633453
-0.4974439498662614
-0.4944298450874307
-0.526912187399488
-0.5314301202627971
-0.49050152371543493
-0.4689049436460495
-0.5099108452801626
-0.38887046231242184
-0.42396101920858387
-0.33470186866705803
-0.4390132307280611
-0.4301212156886275
-0.40585524009810686
-0.44617311094357753
-0.42115116408766734
-0.34195450951869544
-0.404525477111807
-0.49075600814507425
-0.23742753282018064
-0.36680228751492194
-0.3131545285353004
-0.30104782958143844
-0.33097607842101806
-0.27945375798335337
-0.3112489284264813
-0.2570737514923255
-0.3053554193805366
-0.3499396009917687
-0.3198648815791512
-0.19210757791387545
-0.33701222038232037
-0.2895922450885251
-0.22520811234256977
-0.25134598539907127
-0.2593249074584686
-0.23897113001543074
-0.36150526742513306
-0.3192298011917537
-0.17019094962197673
-0.2786713909089672
-0.22292050644925204
-0.2609368716345981
-0.2743425774997001
-0.2517683319414583
-0.29066523396999355
-0.18900875290386138
-0.2638580645645551
-0.27863125709450337
-0.2090632517485129
-0.2522055675522588
-0.19113802700316138
-0.22404862959886143
-0.268884761464199
-0.22612312113778937
-0.25715921973742883
-0.27398368660224803
-0.2817203985093801
-0.2177976218828949
-0.24206987568322078
-0.2221563844378308
-0.19805523283881743
-0.2230951060098348
-0.21456909395286122
-0.24123752329505357
-0.2398254249194015
-0.22329845692307124
-0.19161732581468166
-0.22720974080004064
-0.2266886749494096
-0.17382115931142614
-0.21448064389133148
-0.22868465619291156
-0.20517437474384068
-0.1669972294381122
-0.1700598882016658
-0.14715527186781474
-0.22310017223820267
-0.2217226913617143
-0.2607637599171885
-0.18458744911054292
-0.21550209794454647
-0.2142786947424725
-0.2353319137952735
-0.1217548413386986
-0.1608858869302496
-0.20145397417191613
-0.18826344797633532
-0.10724291915206913
-0.17688663985856942
-0.18751362219665813
-0.22942635076549284
-0.1932366003610986
-0.21431003144936364
-0.1818240203380209
-0.15727697251815714
-0.17348072217410399
-0.11738261839047232
-0.20324633365368472
-0.21507149324032987
-0.11302569842161503
-0.17925453296858238
-0.17095898743090013
-0.14131378988534096
-0.17471547616520994
-0.18287429107879738
-0.14130404271923794
-0.16479438520533993
-0.17389967774985612
-0.15076335287015713
-0.10167619867109473
-0.21587081649799172
-0.19753568642817732
-0.1888749009399473
-0.1558148926247352
-0.17757900361540085
-0.19288515407857576
-0.15865141531781213
-0.1801334585454044
-0.1572085453603873
-0.17332614943576183
-0.14702105954210498
-0.2027402871322521
-0.17238979885511135
-0.21115770524742875
-0.18240947686221592
-0.17876326221820762
-0.224128792721364
-0.16583461810582686
-0.1792529859761366
-0.19604723529722623
-0.14788151477070885
-0.21096319572790234
-0.17838961988856217
-0.151778956338718
-0.19483101393952115
-0.12923234119903249
-0.1259603700233583
-0.1852355352291386
-0.13883935151485186
-0.16311338129103503
-0.19839478607419184
-0.21798506563955514
-0.17290998744497635
-0.19778028332719055
-0.17157357299217818
-0.1846423995503528
-0.12130070815871641
-0.16285769755775475
-0.03540632542987826
-0.13606605583203857
-0.12799309080272678
-0.13490866417692546
-0.1530115441287953
-0.14984669845036241
-0.15043248778770357
-0.162526193118682
-0.13306750426018205
-0.1152721773617375
-0.15944264449566553
-0.1555529089279299
-0.14446238019802599
-0.1715674522978403
-0.136111174649489
-0.16431721570047764
-0.131763193909638
-0.1524506255509493
-0.14289302496705064
-0.1156431459995182
-0.10636114321950796
-0.1575239478900606
-0.14994931689880328
-0.13514132821570263
-0.1358228876074391
-0.1550695280896618
-0.15118444600214903
-0.11819977730675693
-0.11611252523086785
-0.1263479984469633
-0.09769236794423475
-0.1267839761428169
-0.15462158944988366
-0.1400574244254285
-0.1101933185655786
-0.1676956045093854
-0.07779062635748366
-0.09841899018199946
-0.16205190886757218
-0.10967203090015978
-0.18297963997859137
-0.10557883338221963
-0.12825926281307978
-0.1251094947932553
-0.10606242116062334
-0.0949284516489349
-0.13862576430275092
-0.1589395700897137
-0.10087131027491761
-0.13023269710639782
-0.10204045895889252
-0.15346982605994264
-0.09403498972759447
-0.13210044607609053
-0.12499729557986972
-0.09858203834756493
-0.1275170081981175
-0.1626406699078029
-0.1424183659700642
-0.13208772684249817
-0.14795434183640893
-0.14656642453414837
-0.11288908941366987
-0.11039936271950815
-0.10070529767545125
-0.12426106378528234
-0.1762203713048202
-0.1306949399651159
-0.14026352936084163
-0.16956127495450607
-0.1267099312272655
-0.14954617873166126
-0.12743169125152837
-0.14111545987271354
-0.12060660905350928
-0.11683636658790636
-0.13043673390453506
-0.14656280321802187
-0.14538994209420028
-0.10535137091905736
-0.12151046387541675
-0.1137808258395675
-0.12521319096825512
-0.12238073753914314
-0.1031907292454468
-0.11298075951381867
-0.14404814832182433
-0.11118582595881005
-0.13995231964425375
-0.12496330549024702
-0.12148893894190735
-0.13108774084602837
-0.1372425523348011
-0.11551494703340565
-0.14404283341707239
-0.09237324201358904
-0.1422872589980473
-0.10900654070352712
-0.09278611884137149
-0.10631289213194531
-0.11218106827661223
-0.10928289530154632
-0.1098968413923024
-0.09370512588487874
-0.12199025744802523
-0.13957899604266089
-0.140124057758444
-0.1292405858609117
-0.07299758346030846
-0.13485164671265445
-0.06931621253619989
-0.10046266458582646
-0.1135506466300163
-0.14271368426774703
-0.08189879490197534
-0.09787219292438448
-0.09710202078747444
-0.07778682979876818
-0.10927098361371322
-0.1013361709119033
-0.11151163405909852
-0.09582907647221905
-0.09528735730499216
-0.11977763480296663
-0.13573502975052554
-0.09816978885681137
-0.0904996601111866
-0.09491598429031117
-0.08525654667433423
-0.08129975972991765
-0.08191195383325557
-0.08238067320226021
-0.050333947388026906
-0.11961491276884575
-0.1297268584148416
-0.10832821426409331
-0.06841061434592731
-0.08724052192044399
-0.07510253007544894
-0.10637561437607557
-0.08581116722391449
-0.12032519840619672
-0.09934133467009865
-0.11075032704881091
-0.13304406149262887
-0.1521539412998018
-0.11976821870831038
-0.08160926746161927
-0.09144237559351893
-0.140340942322317
-0.14774410878522037
-0.10812296915955194
-0.13716095019099167
-0.06828618539582915
-0.07712940787230238
-0.11836026497102421
-0.08845479904732632
-0.09159969135609038
-0.13249109555547867
-0.10965880244202897
-0.049181979307982446
-0.06655353251326437
-0.10941176577370998
-0.09675675316425641
-0.1059729971208897
-0.09324437622688156
-0.09449527572895793
-0.12254876646551802
-0.0543996298973721
-0.10624621136286093
-0.06503956832590552
-0.1383615355945454
-0.09882772498253048
-0.12152799487539526
-0.03756228438385879
-0.056923903310709054
-0.07704910023011649
-0.08752904767213888
-0.03478019357991603
-0.14370500113715295
-0.05405084357774728
-0.07424193416395743
-0.0932285830319335
-0.08066115275645708
-0.1221772441561755
-0.11094020056420584
-0.08958112172076674
-0.10257779578009615
-0.10110740946106048
-0.0804585723920905
-0.09944075373412815
-0.08757242106764784
-0.07893378480654978
-0.1079309745769557
-0.08747118247645584
-0.08683315256579988
-0.08729598264747929
-0.087548803526346
-0.10769181406095117
-0.06633995939418476
-0.06712037816104985
-0.06862616929023765
-0.05883193520296674
-0.07338523610913504
-0.12688721997501795
-0.05341743894464952
-0.11961554164386087
-0.09519938758348236
-0.07578515361611876
-0.09662500666279206
-0.10283566519299017
-0.09412596279031094
-0.05321854960554678
-0.10253953224542896
-0.09432791707070728
-0.10422274425342928
-0.1130034782137534
-0.13275677199016656
-0.1207641812816013
-0.046815326579688274
-0.08175284369027724
-0.09996863253057217
-0.09693765618975532
-0.05772121377140052
-0.10668892577282668
-0.09717449818551291
-0.13172064467925948
-0.0798933947535434
-0.07556689688798689
-0.1035693533845883
-0.07869342252091166
-0.10675862524779124
-0.10949280752457317
-0.09083624606997509
-0.1028528918204856
-0.04980343350625066
-0.08001851333295287
-0.11473370142377268
-0.08554866498103543
-0.07525603660308387
-0.08374533820644672
-0.10227767505983151
-0.08537220959324841
-0.06330273851198351
-0.09193898661547091
-0.09249462489965488
-0.052578336032943956
-0.11207186807374908
-0.06127141440905769
-0.08216674574979538
-0.07995485580772274
-0.05884153594806822
-0.07786364495421241
-0.05885876392594959
-0.07966043709613849
-0.058293465463249095
-0.0789768156094393
-0.06905944416610843
-0.05855381199368111
-0.07865051596073633
-0.048070898328388456
-0.07734266891416745
-0.04893332869378969
-0.0998106359123462
-0.08057108740391844
-0.07922885592661064
-0.04798765743504865
-0.06652418965340642
-0.08740228261222563
-0.07633847188401843
-0.056011756788969955
-0.04646584657231054
-0.06620969516432418
-0.07599451032093271
-0.06672392693123409
-0.06552393249230196
-0.08064889687551913
-0.03973394125375132
-0.08611539891375604
-0.08561523231728412
-0.04474505437278513
-0.0843199326178375
-0.06282974447341967
-0.09291155344376671
-0.05291724621428491
-0.10422924889942946
-0.04503526106278448
-0.055395045165469975
-0.04488346591679879
-0.07462680005878478
-0.06454680254376502
-0.07370049533930041
-0.07478462944807755
-0.07455506744198243
-0.08590381627776136
-0.05535250584205656
-0.0537691603314287
-0.07357662349908858
-0.06448281101184374
-0.0949952142658671
-0.0648998632975599
-0.07555137921998901
-0.06574512721706696
-0.06538643065513146
-0.07559569987702734
-0.08515005468045822
-0.07552747136639261
-0.09671942212325323
-0.06473292918150396
-0.08432485294679444
-0.051792180248397365
-0.08277254625790165
-0.061675094305284534
-0.040607872709730514
-0.09090103409433727
-0.0714009465583734
-0.06278224628203727
-0.06305655146495276
-0.07320605136464561
-0.0631049995999152
-0.09364824246461502
-0.07390420861257478
-0.08268368381671454
-0.09235710808627356
-0.07160218473538989
-0.06083664251664869
-0.04933298739900993
-0.10971960801249046
-0.08939138538689495
-0.07981442448998433
-0.060124417596961535
-0.08115344090988384
-0.06243841685047513
-0.06169227207230216
-0.0496589746528565
-0.06845891866859452
-0.17339544823463732
-0.016559499292280844
-0.07418049547463265
-0.08228460613321353
-0.08899063928593016
-0.0809951507313128
-0.06753821961653708
-0.06719974277184726
-0.08730462019969096
-0.05683177198717042
-0.06384809373948576
-0.062331993781966535
-0.06387391257390167
-0.06381634502738245
-0.09278466893620743
-0.08186101252752137
-0.07329472202011046
-0.08337813138096468
-0.09302955954568162
-0.08507389230114822
-0.0960581861472878
-0.08818689250617918
-0.03413447096780914
-0.07009970355477672
-0.06184463731204763
-0.060054989000757356
-0.06984820816008795
-0.08719791883009756
-0.08600928469725748
-0.06628655637656734
-0.0659883545737096
-0.05657016963886821
-0.06859762272484764
-0.07836492227633986
-0.0778421655874857
-0.08839851920823773
-0.06836322402923058
-0.0782363088280875
-0.05866111425483177
-0.048471414738688046
-0.038670611856395504
-0.07779192268643541
-0.06759632084743697
-0.0768217086318185
-0.07686407622125732
-0.06573602002578231
-0.06555924376438346
-0.05608703618127481
-0.0665704146174636
-0.056083771516925035
-0.08679016238155234
-0.09724134521175598
-0.03640095624779506
-0.07651634701937242
-0.06593960599783177
-0.07458706270794178
-0.09570426301601631
-0.0843129161096763
-0.0644681537835491
-0.05464207032235399
-0.053297844746325984
-0.0643546322945197
-0.03473311736952621
-0.04447143499940105
-0.06430769442830213
-0.0747058419823495
-0.04475018441402821
-0.06472577429512971
-0.0551407477986416
-0.04614906892426078
-0.10664247608629568
-0.07687871478728282
-0.06612420062940608
-0.05566077602865924
-0.05653690610827716
-0.05625704566313207
-0.07644915708784132
-0.05526286951679099
-0.06484663152858348
-0.07518868022597898
-0.05511291013756654
-0.06464835057164729
-0.06498703205788244
-0.035882365648250134
-0.09518187355856039
-0.07382851050551628
-0.03299670209868505
-0.06371287345279172
-0.07423429103394409
-0.08556303850558612
-0.084751865884452
-0.06549978520926626
-0.08449644899754463
-0.06408427587936658
-0.08477751261290985
-0.07485152725017603
-0.0850729712448776
-0.07401987947817888
-0.04362229809541933
-0.023762219446087057
-0.06296305702350838
-0.07425429230683968
-0.08338289930555379
-0.07341371210871594
-0.053288468005988035
-0.05514460505567664
-0.08678751976685749
-0.07500986863963366
-0.06425990626941759
-0.06326960947242416
-0.07434185138006312
-0.053957156345639176
-0.08436391581563145
-0.07670586869498562
-0.09734877801535571
-0.10704604342612363
-0.02703808415465049
-0.056066078103495356
-0.07926281833945623
-0.06587412241029302
-0.06547429133776474
-0.025705549607659986
-0.04479975823946766
-0.0746889452589615
-0.05353967492988286
-0.08301115007383138
-0.08300714856210939
-0.07366234528190087
-0.034986178803224285
-0.10853556440968379
-0.07251805157537612
-0.06301046488027026
-0.052598780409104484
-0.06464401912842753
-0.02661913749628529
-0.06482765554969
-0.07944628457888137
-0.06655454294527732
-0.08323856809751262
-0.07136573388872397
-0.08317564078763659
-0.08187031549066504
-0.08433361507377067
-0.06387410670458914
-0.08359837260235391
-0.06433401466411215
-0.0838110060907229
-0.07402856321964055
-0.06265501887139463
-0.022357490101119024
-0.05233483148657996
-0.07256658495718106
-0.05275658874658483
-0.03273852603858762
-0.04165818338734711
-0.07193522751792594
-0.051179149165583346
-0.05088786534181562
-0.051005644110600594
-0.09408269476352951
-0.05225551591570118
-0.07531017901051267
-0.061508779810385654
-0.0812643650354393
-0.08082586186188877
-0.10181844107769983
-0.0805734098330112
-0.03056142533703962
-0.05216332817545636
-0.09281117674342572
-0.05144932553307343
-0.05133870448339293
-0.040150641740254865
-0.06979090795318582
-0.09014020160501818
-0.08092307276970766
-0.06927668434404324
-0.05056038247489758
-0.0503136494284518
-0.07976291351920757
-0.06025275992889338
-0.07074490114658166
-0.020171327974455755
-0.06941654703103232
-0.04901246646837718
-0.0684072925010272
-0.03803512668170026
-0.04852997234487151
-0.0998020451594995
-0.0701189099606121
-0.0688308280829911
-0.08161039269299528
-0.06051226033567082
-0.03967804675310733
-0.0692765264379355
-0.048595137203095336
-0.0678062479656232
-0.0781996150322685
-0.04702123544319043
-0.037344098580731976
-0.03722936710361744
-0.0881115215998387
-0.06877666122399378
-0.057890840231576646
-0.06893686524215056
-0.04839713791693031
-0.07932473649558025
-0.03982077200611942
-0.04929780217621182
-0.05926490415408367
-0.059819054119431975
-0.0701507589367526
-0.07955766189307595
-0.10042319649755546
-0.0996819984473209
-0.06878704396147886
-0.058397374353322457
-0.04872107251995265
-0.0694938689385809
-0.0691718302055165
-0.07002443456162136
-0.09095150360874901
-0.1130341168539195
-0.044758522341371385
-0.06390183574373451
-0.055231764894867044
-0.06360349452361659
-0.09198604142699834
-0.052281878871010753
-0.056254297832220135
-0.05198533290700874
-0.0819575622057399
-0.07112282753966154
-0.051180259858788935
-0.011102391740335497
-0.08126881573527628
-0.061182336268607335
-0.050369999546380745
-0.09091523243881532
-0.09155240095802614
-0.042066687828826034
-0.07145003473017666
-0.07174730652809497
-0.06162530136244598
-0.062475436818646896
-0.08337723223745377
-0.07228200163148743
-0.060967708508879136
-0.06094897167287158
-0.05045470587747385
-0.061426916813395904
-0.05013511904993915
-0.039934136320759955
-0.0690408618231157
-0.0685037991899732
-0.028604583600622534
-0.059426248369133794
-0.05985268111077567
-0.05971846553072815
-0.058876947845391825
-0.0504835462366713
-0.05942617575591184
-0.07766652024033084
-0.03703587512646306
-0.049336803054591344
-0.06969480033497857
-0.03910909630179779
-0.036928417807056975
-0.058074704677727754
-0.04859678583597827
-0.046176458446559314
-0.05728144862701034
-0.046930349127721725
-0.04743611370290738
-0.06760568211731814
-0.05802416973343578
-0.04757012667853511
-0.06820633038697665
-0.047960495643536986
-0.04802636608669549
-0.0798407251752179
-0.06907572246789126
-0.061255208255543654
-0.05022538740079856
-0.047741189306079845
-0.0597213847768263
-0.06054419668189116
-0.05236250052559498
-0.04845944803088619
-0.0482597595204424
-0.08037866702766253
-0.07971385173555903
-0.08836688305185925
-0.02846929145711126
-0.060456100659121256
-0.050952131301639614
-0.05102032083342858
-0.041056176074917086
-0.05063974995086547
-0.07011684611135069
-0.08993941681481946
-0.03952012250032235
-0.04939809912065778
-0.0487939616482987
-0.06048859515133228
-0.04989882000184616
-0.07041759271900791
-0.05994573393042045
-0.027371935409011602
-0.06847064243602435
-0.06868178388702574
-0.09161972949201383
-0.038677633445063773
-0.04802940816713774
-0.06796619251247937
-0.04868848303047737
-0.06859812503019737
-0.06785546329651865
-0.049413545571713104
-0.06060138901332417
-0.05348590860900307
-0.06820637935130061
-0.05825946356187715
-0.028437419661469385
-0.07702798858221788
-0.07757157063460277
-0.057347678820291556
-0.05742290102667205
-0.05899922084158248
-0.026735950969357367
-0.11707226139428271
-0.10707865809264938
-0.03670312045225991
-0.06574219959981324
-0.05674437590066316
-0.056599936058796485
-0.04636487993747984
-0.04601793321567735
-0.076161667548865
-0.04759366552406935
-0.07677057347849767
-0.05646882639229714
-0.07580213785529788
-0.07798793436572582
-0.0699515521307845
-0.04994053517101031
-0.048173450443071836
-0.08704615640628342
-0.06692859714531511
-0.04581468294021619
-0.035300665609870524
-0.07961719217574587
-0.027618182508643514
-0.03483661313071905
-0.05418687337850166
-0.04343610147719141
-0.0645809279180771
-0.003892569780059113
-0.023687191789000875
-0.03222546037416484
-0.052834838552121254
-0.043276414024726116
-0.04432324988976129
-0.05354914848471882
-0.043513516792346156
-0.04376706408541739
-0.0549964704472909
-0.03448720112763064
-0.05416622055572365
-0.055066723480181
-0.053774632693472706
-0.052796307262526695
-0.053617275649246336
-0.04462959037999978
-0.045127484181906784
-0.06543333879359339
-0.04659197759761765
-0.07717660868378706
-0.07597156919389594
-0.006230973650452415
-0.04645005155473702
-0.0669840728345954
-0.0453905744328721
-0.05547563739134315
-0.0654315503781773
-0.04547809418800273
-0.06560828134669094
-0.04500757080869589
-0.06502147961354354
-0.05565756589297972
-0.04587829600969121
-0.03566864484169668
-0.06681334891231953
-0.025765894340068242
-0.05679750305937363
-0.07598214198879479
-0.04544747523780848
-0.05830803727537062
-0.11924880899817987
-0.05193054097952354
-0.06856374142055657
-0.07669342574774993
-0.03637143407822368
-0.045161103612068404
-0.04518929065411315
-0.03421608053454706
-0.0434253164806516
-0.052980345474147574
-0.05248029664563219
-0.06222728255286049
-0.06252046868477817
-0.042513791841969635
-0.042225862748553576
-0.041844002180479976
-0.031215511502128576
-0.07205163200865675
-0.08248738690030713
-0.05280475289486112
-0.07589989238838743
-0.06315219973878819
-0.02182042581788715
-0.04087858308721494
-0.04132577243155448
-0.030744780232930327
-0.07061502249635862
-0.03150974150057464
-0.041567365063325645
-0.06194284283720554
-0.06208355920213269
-0.042456833993277515
-0.05345148780402651
-0.052545325469758375
-0.04261755848648199
-0.05219394667436655
-0.03173098712542909
-0.06165693431999539
-0.07118401356099532
-0.06058215345381008
-0.07099851864552917
-0.07135180072745123
-0.061066781612447885
-0.08052440075219705
-0.040936582966064367
-0.041061481762497326
-0.05150193029032918
-0.042785085489684536
-0.0327721716259091
-0.0516651786172674
-0.0716630706200998
-0.06139144185676349
-0.05186104023180962
-0.062042516192749995
-0.0015251992362415798
-0.041649617586015104
-0.07186584788065166
-0.07212206092722842
-0.04302519806779374
-0.042404736181448736
-0.05136056288707268
-0.06162048357874102
-0.05236436982992871
-0.04113120693728729
-0.05137753121813998
-0.04178042228635123
-0.06133888439507286
-0.03166376412391696
-0.05139775635338288
-0.061769592702213716
-0.06204955306968226
-0.06226511614006103
-0.03215505179485264
-0.051112290015235186
-0.010550378898451979
-0.06111322593424289
-0.05145572942831595
-0.06111562551130306
-0.02098654292726116
-0.08084256349601968
-0.0710763941616403
-0.06084931926569668
-0.04023115300105624
-0.05083950314719566
-0.04145949886931212
-0.04133468702901896
-0.05060050766215297
-0.05042353547935994
-0.05084948666479763
-0.03138051138802519
-0.08185610377190781
-0.022563640175854077
-0.07394036648352753
-0.07533190207964036
-0.016284806011223417
-0.024011880701306533
-0.045379872519707355
